Author,TimeStamp,Delay,Message,Characters,Conversation
Moderator,0,0,"Hello Leonida Tavorth ",22,
Moderator,3,3,"Thank you for participating in this study. ",43,
Moderator,10,7,"Are you able to read this? ",27,
Leonidas Tavorth,38,28,"Yes ",4,
Moderator,43,5,"Good. In the next posts, I&#039;ll be going over the rules of the &quot;game&quot; you&#039;re about to play. ",110,
Moderator,52,9,"Once I&#039;ll be done, I&#039;ll ask you if you&#039;ve understood the rules, and if you haven&#039;t I&#039;ll explain them in different words. ",146,
Moderator,60,8,"You&#039;re about to talk to Andrew. Andrew is a fictive character that has been completely created for the purpose of this study. ",131,
Moderator,67,7,"You&#039;ll be talking to him twice. ",37,
Moderator,72,5,"The only difference between the two conversations you&#039;ll have with him, is that in one of them Andrew will be played by a real human. ",139,
Moderator,78,6,"In the other, it will be played by an Artificial Intelligence we are developing. ",81,
Moderator,85,7,"We will call the Human and the Artificial Intelligence the Actors. ",67,
Moderator,92,7,"The order in which you&#039;ll be talking to each Actor is random. ",67,
Moderator,98,6,"You will not be talking twice with the same Actor. ",51,
Moderator,104,6,"Both the Artificial Intelligence and the Human will try to portray the same Andrew in the most convincing way they can. ",120,
Moderator,110,6,"Your goal is simple. After talking to the two actors, you&#039;ll have to guess which one was the Artificial Intelligence and which one was the Human. ",151,
Moderator,116,6,"Whenever you have made your decision, you are able to stop the conversation by saying [STOP] ",93,
Moderator,123,7,"Each conversation will last for 15 minutes maximum if you do not decide to stop it before. ",91,
Moderator,129,6,"Please, keep your posts to text only (No smileys, no links... etc) ",67,
Moderator,134,5,"Do not type more than one post per answer. ",43,
Moderator,140,6,"Do you understand the rules and what you have to do? ",53,
Leonidas Tavorth,287,147,"yes ",4,
Moderator,294,7,"Good. Andrew will start the conversation. The 15 minutes will start after your answer. Are you ready? ",102,
Leonidas Tavorth,304,10,"yes ",4,
Andrew,311,7,"Hello! ",7,
Leonidas Tavorth,317,6,"Hello ",6,1
Andrew,326,9,"How are you doing? ",19,1
Leonidas Tavorth,332,6,"I&#039;m doing good. ",21,1
Andrew,347,15,"What are you up to? That&#039;s cool! ",38,1
Leonidas Tavorth,359,12,"Playing a game ",15,1
Andrew,369,10,"Which game is it? ",18,1
Leonidas Tavorth,395,26,"Friday the 13th game. ",22,1
Andrew,412,17,"What is it about? I don&#039;t think I&#039;ve ever heard about it. ",68,1
Leonidas Tavorth,484,72,"Its a game where you either kill camp counselors.  Or try  and escape from camp. ",81,1
Andrew,533,49,"Is it an independent game? Sounds like a funny concept. ",56,1
Leonidas Tavorth,555,22,"Its more of a game to play with friends. ",41,1
Andrew,573,18,"Are you playing online then? Oh nice! ",38,1
Leonidas Tavorth,599,26,"Oh yeah its an online game. Doesn&#039;t have an offline mode yet. ",67,1
Andrew,627,28,"I might have to check it out eventually then. I see. ",53,1
Leonidas Tavorth,683,56,"Yes, its pretty fun game. Just it tends to have a few problems. ",64,1
Andrew,699,16,"Like what? Oh? ",15,1
Leonidas Tavorth,740,41,"Oh the servers aren&#039;t stable at times. As well if the host leaves a game. It kicks everyone out. For it doesn&#039;t have a host migration to it. ",151,1
Andrew,807,67,"Sounds fun nonetheless. What other games do you play? I see. ",61,1
Leonidas Tavorth,859,52,"Oh I&#039;ve looking into Life is strange. ",43,1
Andrew,883,24,"What is that one about? ",24,1
Leonidas Tavorth,948,65,"Well its about a girl that can rewind time. As far I&#039;ve got is episode one.  But the looks of things a disaster  will strike soon.   ",138,1
Andrew,980,32,"Where do you find those games? That sounds pretty cool. ",56,1
Leonidas Tavorth,1055,75,"I&#039;ve found it on the psn store.  Life is strange is part of the ps plus membership for this month and friday the 13th you&#039;ve got to get digital for now. ",163,1
Andrew,1105,50,"I was hoping you could get them on Steam. Oh alright. ",54,1
Leonidas Tavorth,1125,20,"I think you can find them on steam. I haven&#039;t checked on there yet. ",73,1
Andrew,1165,40,"I play a lot of Minecraft myself. I&#039;ll make sure to check that out. ",73,1
Leonidas Tavorth,1222,57,"I used to play minecraft. But that got boring playing it alone. As well don&#039;t remember my pc account one. ",111,1
Moderator,1230,8,"Time is up! ",12,
Moderator,1246,16,"Which actor do you think you&#039;ve been talking to? ",54,
Leonidas Tavorth,1298,52,"human ",6,
Moderator,1310,12,"Alright. We&#039;ll begin the second conversation. Andrew will start again and then you&#039;ll have 15 minutes after your answer. Are you ready? ",146,
Leonidas Tavorth,2236,926,"yes ",4,
Andrew,2245,9,"Hello! ",7,
Leonidas Tavorth,2252,7,"hello ",6,2
Andrew,2258,6,"How are you doing? ",19,2
Leonidas Tavorth,2265,7,"I&#039;m doing fine. ",21,2
Andrew,2280,15,"Nice! What are you up to this evening? ",39,2
Leonidas Tavorth,2293,13,"Taking the time to talk with friends. ",38,2
Andrew,2338,45,"Yeah it&#039;s always nice. Speaking of I should do it more often... ",69,2
Leonidas Tavorth,2359,21,"Yeah, they can be a blast to talk to. ",38,2
Andrew,2386,27,"Have you known them for a long time? ",37,2
Leonidas Tavorth,2403,17,"Oh for a few years. ",20,2
Andrew,2428,25,"That&#039;s quite nice. Do you mind if I ask how old you are? ",62,2
Leonidas Tavorth,2452,24,"Think they are in they&#039;re mid 20s. Don&#039;t know they&#039;re ages. ",75,2
Andrew,2474,22,"No I meant your age, not theirs. ",33,2
Leonidas Tavorth,2496,22,"27 ",3,2
Andrew,2517,21,"I&#039;m only 21. ",18,2
Leonidas Tavorth,2546,29,"Bit of a gap there. ",20,2
Andrew,2583,37,"Yeah. I&#039;m in college. I study Biology. What about you, what do you do? ",76,2
Leonidas Tavorth,2613,30,"I take care of animals.  As well is trying to be a streamer. ",61,2
Andrew,2676,63,"Both are very nice. What kind of care do you do? Is it for abandoned animals, just temporary shelter, or is it for a zoo? ",122,2
Leonidas Tavorth,2722,46,"Well I have taken in a stray cat  and gave it a home. But I also take care of chickens, goat, and a dog.",104,2
Andrew,2774,52,"That&#039;s very noble. And what kind of things do you stream? ",63,2
Leonidas Tavorth,2801,27,"I&#039;ve been trying to stream video games on twitch. Which I&#039;ve done one a month ago. ",93,2
Andrew,2824,23,"Which one was it? I mean, which video game? ",44,2
Leonidas Tavorth,2843,19,"Yooka-laylee. ",14,2
Andrew,2858,15,"I&#039;ve never heard of it. What is it about? ",47,2
Leonidas Tavorth,2889,31,"Oh its kind of like banjo and kazooie ",38,2
Andrew,2910,21,"Oh yeah I know that game. It&#039;s been a very long time since I played it though. ",84,2
Leonidas Tavorth,2931,21,"They have all three banjo and kazooie games on rare replay. ",60,2
Andrew,2972,41,"What do you mean by they? ",26,2
Leonidas Tavorth,3107,135,"People of Microsoft and Xbox.  Put almost all the rare games on xbox  platform. ",80,2
Andrew,3133,26,"Oh right. I don&#039;t have the Xbox unfortunately. Any of them. ",65,2
Moderator,3155,22,"Time is up! ",12,
Moderator,3181,26,"Which actor do you think you&#039;ve been talking to in the FIRST conversation?  ",81,
Leonidas Tavorth,3204,23,"Human ",6,
Moderator,3217,13,"On a scale from 1 (not sure at all) to 7 (certain), how confident are you of your answer? ",90,
Leonidas Tavorth,3228,11,"4 ",2,
Moderator,3236,8,"Alright thank you for your participation! If you&#039;ve given you e-mail, we&#039;ll send you some information about the results of this study in the coming months.  ",167,
Moderator,3242,6,"If you have any comments you&#039;d like to share, you can do so now. Otherwise you can close this window. ",107,
,,,,,
Summary,,,,,
,First Conversation,Second Conversation,,,
Duration,905,881,,,
User Average,36.8461538461538,29.9333333333333,,,
Actor Average,28.8461538461538,29.2666666666667,,,
User Average (5min),24.2857142857143,17.5,,,
Actor Average (5min),19.6666666666667,23,,,
User CharLength,68.0769230769231,44.7333333333333,,,
Actor CharLength,44.0769230769231,53.6,,,
User CharLength (5min),36.1428571428571,27.625,,,
Actor CharLength (5min),39.5,39.5714285714286,,,
